----------------------------
-----------FINISHED---------

w = 0
S = 9600
Projects Completed: 179

Project[0]:
  Completed: True.  Experts: [9345, 2183, 2086, 1236, 907, 7758, 5561, 6439, 6041, 5365, 873, 5646, 8377, 4400, 2945, 1265, 7001, 5562, 3634, 664, 4558, 2640, 2795, 3781, 6793, 4741, 7188, 3343, 8401, 7095, 8250, 6326, 3611, 2573, 22, 1477, 9560, 8656, 4289, 1157, 440, 8503, 5028, 6558, 2014, 5887, 3226, 1416, 8729, 2395, 6939, 6142, 5232, 2969, 1515].
Project[1]:
  Completed: True.  Experts: [9059, 7560, 7417, 7219, 6145, 3512, 710, 835, 8703, 4909, 9406, 7612, 7242, 1489, 1420, 3422, 1309, 5581, 8848, 7241, 6148, 2404, 8885, 6904, 4914, 4638, 377, 6864, 6515, 1041, 2886, 2391, 8127, 7064, 1399, 8357, 7547, 997, 9224, 5246, 87, 512, 8403, 3995, 3264, 8792, 5662, 4850, 2949, 1359, 6194, 8144, 5958, 5928, 3258, 8960, 9360, 5324, 4493, 2701].
Project[2]:
  Completed: True.  Experts: [4526, 9026, 3164, 2099, 2100, 1094, 9215, 7555, 3132, 2894, 4554, 1746, 8857, 5501, 6378, 500, 7988, 3320, 541, 4957, 2851, 1971, 9325, 7226, 9542, 6719, 937, 636, 8036, 6398, 118, 9521, 8408, 4687, 1946, 5087, 1591, 6870, 9529, 9191, 9136, 9010, 4633].
Project[3]:
  Completed: True.  Experts: [9364, 8119, 7511, 1412, 6099, 4497, 339, 5792, 4538, 7494, 516, 5813, 3723, 2129, 1614, 7198, 6684, 4115, 9540, 3466, 5416, 9524, 4780, 8336, 2659, 776, 2107, 3969, 6397, 5940, 7685, 2672, 2582, 2238, 9324, 3665, 3102, 1894, 1504, 3142, 1834, 679, 4979, 4085, 1186, 6739, 9277, 9239, 8861, 5165, 4495, 2614].
Project[4]:
  Completed: True.  Experts: [6589, 6499, 5860, 3890, 2393, 1112, 4428, 176, 8469, 743, 9388, 2937, 9572, 8434, 5667, 4551, 3907, 1912, 7009, 4450, 2835, 2215, 622, 5384, 4488, 2309, 6670, 4598, 7413, 6938, 7992, 7578, 8555, 7730, 4068, 6704, 4609, 2428, 2785, 1085, 6262, 9303, 4595, 9414, 2469, 166, 7298, 4396, 2544, 1566, 8631, 5849, 4411, 9056, 8054].
Project[5]:
  Completed: True.  Experts: [6123, 4442, 653, 9082, 4357, 9280, 8270, 5554, 5217, 3685, 3684, 5342, 3253, 4030, 2996, 2831, 2361, 8340, 9259, 882, 8825, 7679, 3534, 215, 7361, 823, 2627, 2417, 720, 7909, 4037, 1400, 1222, 981, 7102, 9535, 9208, 8584, 6789, 4950, 850, 422, 6029, 5952, 7520, 1983, 5913, 4656, 4650, 1301, 343, 337, 115, 102, 3741, 1960, 353, 7852, 7168, 7006, 5633].
Project[6]:
  Completed: True.  Experts: [7949, 6447, 3268, 5549, 3674, 93, 1756, 1330, 4784, 8850, 789, 8675, 6627, 4452, 3294, 9487, 4897, 4414, 3638, 1560, 1905, 5955, 4177, 2330, 2110, 2961, 3274, 7022, 4907, 2362, 7075, 9336, 7081, 5988, 2249, 8603, 8448, 9320, 4086, 3898, 8898, 5798, 4678, 4185, 4010, 3284].
Project[7]:
  Completed: True.  Experts: [3680, 3265, 2278, 5632, 709, 8608, 2749, 9244, 8376, 1753, 2188, 4761, 1948, 7470, 389, 7984, 2156, 8516, 5545, 5396, 7293, 1827, 160, 1142, 3823, 2365, 6235, 5128, 3815, 403, 7177, 5717, 2661, 484, 9170, 6736, 2470, 6680, 1949, 365, 6251, 7801, 4588, 4146, 6963, 2431, 1893, 846, 6965, 6961, 6846, 6489, 4458, 7767, 5832, 1105, 198, 8843, 6264, 3088, 5436, 7579, 5850, 5664, 8300, 8289, 8261, 5443, 5393, 4499, 3954].
Project[8]:
  Completed: True.  Experts: [2071, 1686, 719, 650, 2304, 1132, 733, 8682, 4385, 2263, 8458, 1025, 1136, 6703, 4898, 4540, 3564, 7108, 6388, 5467, 4026, 4933, 4925, 8723, 8588, 7332, 9201, 8219, 172, 8738, 5058, 8627, 7247, 6086, 4038, 2307, 8086, 5610, 9065, 8642, 5202, 5135, 3483, 5513, 7124, 9243].
Project[9]:
  Completed: True.  Experts: [4839, 3994, 3923, 2229, 2312, 9564, 5104, 4485, 5434, 4920, 2511, 1448, 788, 3718, 1821, 8283, 5440, 7963, 6588, 7666, 7104, 6810, 5963, 528, 4553, 4384, 7598, 6056, 5231, 4276, 7843, 171, 6336, 4272, 9086, 8533, 7715, 5179, 3604, 3153, 7826, 1963, 6621, 921, 2717, 3928, 3160, 2485, 2058, 1130, 429, 6994, 6979, 6845, 130, 61, 2808, 701, 8929, 7752, 7355, 3187].
Project[10]:
  Completed: True.  Experts: [7295, 1848, 9590, 9586, 8574, 5208, 3136, 2602, 2455, 9108, 8662, 3921, 3588, 321, 6932, 1789, 9338, 4894, 6792, 2290, 1318, 5484, 19, 7043, 4516, 6667, 3249, 2155, 1461, 8698, 9547, 3908, 3309, 4992, 2845, 239, 9411, 1240, 5831, 5377, 8272, 7575, 5842, 5533, 3987, 1988, 1391].
Project[11]:
  Completed: True.  Experts: [9486, 8176, 6109, 3257, 1723, 9505, 738, 8102, 6303, 1784, 9283, 8257, 6046, 2902, 7007, 1275, 796, 3903, 8811, 8002, 5679, 4102, 1616, 781, 3705, 673, 7257, 3014, 663, 6280, 9443, 9041, 7811, 2787, 1480, 1334, 9020, 3371, 2889, 1882, 4262, 1584, 9344, 9284, 9090, 408, 4128, 3843, 2007, 8302, 5757, 7532].
Project[12]:
  Completed: True.  Experts: [3334, 2372, 8470, 3501, 2318, 6334, 7346, 3485, 3234, 471, 7584, 3673, 1985, 1170, 8737, 4845, 8957, 5912, 6121, 4861, 5623, 9007, 2115, 1100, 8364, 6654, 1760, 307, 7055, 4221, 9084, 4879, 2943, 9437, 5606, 3472, 3148, 2281, 482, 7016, 5977, 6073, 3031, 9118, 5101, 2696, 5482, 3492, 7203, 6991, 2619].
Project[13]:
  Completed: True.  Experts: [9407, 4524, 2062, 1729, 1523, 2888, 8344, 6199, 4576, 9266, 7839, 7100, 6012, 5775, 4637, 3931, 1260, 2401, 2030, 9463, 9580, 7759, 5280, 2626, 2991, 1673, 5838, 8109, 7482, 7787, 8254, 7296, 5260, 7956, 8530, 5769, 3660, 2563, 3105, 7504, 6998, 618, 7381, 7038, 5890, 7045].
Project[14]:
  Completed: True.  Experts: [5836, 2327, 3344, 5237, 9180, 5624, 3831, 508, 7019, 5569, 3886, 3814, 8384, 4529, 8474, 1093, 8548, 2381, 7246, 5424, 2789, 2136, 4663, 4093, 8405, 2066, 1233, 966, 5389, 7243, 3789, 1582, 6131, 5020, 820, 360, 7156, 8559, 7842, 4864, 3140, 5835, 3540, 1395, 5894, 240, 2359, 8702, 4597].
Project[15]:
  Completed: True.  Experts: [680, 9464, 5182, 1711, 294, 8145, 4805, 4731, 2356, 8760, 6891, 872, 3848, 2714, 5227, 1883, 681, 9497, 5115, 2061, 2347, 1611, 1607, 8796, 5148, 8701, 3476, 3007, 9117, 3702, 2777, 6616, 6233, 9416, 8473, 6003, 5201, 3776, 1047, 8621, 8446, 7489, 3518, 2494, 2008, 6090, 4089, 8681, 6668, 2224, 8887].
Project[16]:
  Completed: True.  Experts: [8070, 5688, 2755, 3223, 6923, 4305, 3109, 30, 7537, 3763, 355, 1889, 8553, 8134, 8805, 5614, 7383, 7174, 2796, 1899, 1076, 7013, 2920, 2166, 4059, 2373, 368, 8536, 889, 7763, 8417, 7788, 6652, 3985, 284, 7187, 6039, 4371, 5388, 4859, 9379, 2663, 1901, 1293, 272, 6852, 6605, 5760, 5555, 5290, 3619, 2074, 7370, 6981, 5382, 5089, 4111, 9190, 8993, 6534, 6354, 3806, 3420, 2866, 2294].
Project[18]:
  Completed: True.  Experts: [5790, 1023, 3846, 3256, 1959, 1314, 5641, 1552, 9104, 5911, 1154, 8975, 5619, 3197, 1278, 7509, 4959, 2942, 3977, 7163, 3535, 3462, 1521, 117, 9, 983, 9466, 5604, 8927, 4163, 4036, 3262, 2898, 1162, 300, 7895, 248, 8593, 8465, 1926, 1352, 606, 8697, 8160, 6321, 1204, 702].
Project[20]:
  Completed: True.  Experts: [3304, 3709, 1215, 6446, 2257, 7170, 920, 9165, 5191, 3797, 3047, 2063, 1470, 6867, 723, 9039, 511, 5122, 2200, 4475, 7813, 5732, 8953, 46, 8550, 6453, 4612, 1383, 8639, 8435, 7989, 7561, 6568, 5269].
Project[21]:
  Completed: True.  Experts: [3324, 853, 2546, 3862, 7082, 6061, 5805, 4644, 2603, 8409, 5219, 1776, 610, 8198, 2729, 8158, 5796, 5408, 5098, 3765, 54, 8200, 8025, 212, 4168, 3430, 8597, 6690, 8511, 7207, 6179, 9299, 6389, 1668, 2492, 8523, 6496, 5795, 5161, 926, 878, 9009, 8259, 6983, 6710, 6020, 5997, 5787, 6785, 5395, 98, 7477, 4887, 9340].
Project[23]:
  Completed: True.  Experts: [8088, 7251, 4578, 4429, 1837, 793, 4627, 3772, 0, 817, 6819, 4391, 5460, 2466, 6223, 2647, 7833, 7663, 5579, 4748, 1700, 145, 424, 5458, 4951, 3193, 2984, 9480, 9228, 9063, 7794, 4982, 2751, 2615, 978, 2266, 1863, 1712, 445, 150, 8776, 6822, 3747, 2904, 1867, 9489, 7238, 5021, 3077, 2106, 1651, 1329, 7502, 7286, 6374, 3214, 9562, 7834, 5950, 5877, 4344, 3951].
Project[24]:
  Completed: True.  Experts: [4834, 3811, 3794, 383, 5707, 4535, 8501, 8332, 8207, 1599, 5294, 2148, 8276, 7463, 4253, 3061, 849, 6992, 2297, 798, 917, 630, 6307, 3743, 9598, 6147, 4316, 1313, 2477, 234, 9474, 9260, 8974, 4407, 4195, 4550, 9217, 4560, 4052, 2798, 6817, 5577, 3282, 9391, 7877, 3045, 8807, 7913, 7404, 1900, 4573, 2501, 8878, 4139, 3273, 2815, 1276, 7987, 5445, 3068, 1108, 9261, 5956, 4905, 1667, 778, 9143, 8033].
Project[25]:
  Completed: True.  Experts: [7650, 6243, 5768, 9275, 6626, 4855, 1403, 9288, 4288, 8941, 7785, 659, 4531, 2676, 1234, 1110, 7545, 7432, 3812, 2415, 1618, 4846, 2075, 8245, 7309, 6259, 3475, 1503, 8371, 6525, 8976, 3314, 1026, 8467, 8087, 9060, 9024, 8131, 4159, 2572, 6169, 4927, 2212, 6555, 2345, 144, 6266, 2296, 6035, 8242, 9132, 5809].
Project[26]:
  Completed: True.  Experts: [8751, 7335, 8913, 6954, 6457, 2745, 119, 8078, 7337, 1656, 1604, 1244, 3899, 2568, 6613, 4328, 6854, 6474, 5152, 1563, 670, 6783, 6479, 5254, 4776, 4902, 1123, 4735, 2006, 1987, 7184, 7158, 9146, 5771, 9045, 5313, 3652, 2516, 8454, 7514, 6897, 3672, 9409, 3729, 3100, 6759, 4422, 2082, 8719, 1869, 7928, 5751, 3451, 7265, 2800, 8791, 8827, 8039, 8845, 3108, 4971, 2027, 958, 3141].
Project[27]:
  Completed: True.  Experts: [8989, 7955, 3798, 3590, 7938, 7446, 4006, 1806, 9383, 6005, 2410, 540, 4955, 4903, 2566, 9008, 7483, 6606, 5573, 2757, 6843, 2078, 372, 1078, 8166, 1514, 7835, 5009, 1923, 1380, 6666, 5030, 4643, 4179, 2371, 8572, 8542, 8265, 5620, 3465, 769, 8981, 9291, 4584, 2584, 7097, 4121, 9507, 1845, 1469, 658, 9470, 9433, 4149, 1299, 5025, 4219, 1974, 1825, 703, 8288].
Project[28]:
  Completed: True.  Experts: [4073, 1759, 9330, 6919, 6432, 7506, 888, 1807, 1624, 1397, 3295, 2784, 2319, 283, 3025, 4480, 7957, 4465, 1235, 285, 8098, 5729, 7126, 9369, 7711, 5173, 3853, 3267, 89, 9036, 5132, 9207, 7179, 6676, 2479, 7677, 3332, 3205, 6309, 4274, 8773, 8766, 6337, 1298, 5901, 6801, 3998, 4404, 7123, 5677, 4806, 6510, 7273, 4917, 4337, 47, 9398].
Project[29]:
  Completed: True.  Experts: [3240, 1794, 8717, 3482, 3502, 1714, 3126, 2398, 5362, 5361, 4974, 4623, 329, 6170, 162, 6603, 9019, 8365, 5315, 2877, 1245, 749, 5914, 1321, 5639, 2287, 8083, 6365, 4561, 803, 8310, 5591, 5470, 5793, 1390, 4671, 3784, 2253, 6038, 1698, 8932, 8596, 5560, 1499, 1203, 1766, 1739, 5109, 3756, 5936, 3050, 2810, 4238, 2069, 2126, 1187, 6762, 551, 8483, 195].
Project[30]:
  Completed: True.  Experts: [1008, 4378, 1362, 349, 8569, 7740, 7720, 7211, 7061, 5671, 2009, 1249, 402, 6781, 4216, 9263, 1564, 5576, 3432, 976, 969, 8335, 6010, 5543, 4541, 3060, 304, 4528, 2794, 2283, 8868, 7601, 5828, 4865, 7915].
Project[31]:
  Completed: True.  Experts: [5929, 6019, 5918, 2534, 6105, 4786, 3701, 3361, 4137, 1476, 4625, 1955, 7060, 6679, 1915, 9067, 633, 1061, 9038, 8531, 2195, 8208, 4659, 7159, 6634, 8735, 7040, 6642, 3246, 9254, 8123, 5430, 4698, 1527, 6472, 2094, 1317, 8311, 5735, 1466, 3746, 2162, 2041, 765, 5221].
Project[32]:
  Completed: True.  Experts: [9456, 2513, 8633, 1544, 2884, 1264, 6285, 2671, 8840, 7324, 6516, 5656, 5592, 4604, 3597, 4632, 8053, 5599, 4202, 3946, 2316, 2497, 1554, 1522, 1009, 4716, 785, 5622, 8370, 4140, 9538, 4412, 1484, 1427, 257, 5504, 2645, 655, 7366, 6808, 6392, 4116, 2586, 1979, 1653].
Project[34]:
  Completed: True.  Experts: [5420, 4527, 5644, 4157, 4790, 3795, 9197, 1107, 9154, 7087, 3983, 8672, 3275, 6311, 5866, 238, 8949, 7604, 6924, 6252, 1032, 1953, 2753, 7516, 6700, 8362, 3808, 840, 28, 1687, 6493, 9184, 5547, 2122, 371, 813].
Project[36]:
  Completed: True.  Experts: [8880, 8368, 441, 2149, 8163, 7051, 2092, 192, 6480, 426, 8687, 2095, 9172, 8118, 7410, 6298, 660, 3250, 2135, 3766, 3500, 2553, 7872, 8091, 5981, 2306, 2035, 1058, 6206, 1348, 8431, 5163, 4214, 2426, 8871, 6987, 4161, 2828, 6348, 3940, 9465, 8777, 8374, 7755, 7721, 7552, 6834, 6159, 1002, 8248, 6424, 9543, 7202, 6964, 6043, 5742, 5006, 6724, 6018, 4418, 2527, 8323, 7570].
Project[37]:
  Completed: True.  Experts: [5531, 2629, 3377, 9356, 170, 5959, 698, 8406, 5100, 6136, 3755, 9144, 8305, 2151, 2699, 1338, 8837, 6037, 5351, 4870, 3445, 7701, 7592, 3633, 6640, 4895, 8663, 7985, 3793, 2809, 8742, 7986, 3945, 513, 9375, 8910, 8512, 8177, 3754, 6604, 7953, 7542, 4383, 3737, 1571, 760, 8422, 7996, 4513, 2118, 600, 9269, 3198, 3066, 9151, 5381, 4242, 7493, 6905, 8858, 8750, 8624, 7827].
Project[38]:
  Completed: False. Experts: [5386, 3561, 3067, 7815, 7244, 7036, 5931, 6538, 4087, 4799, 1962].
Project[40]:
  Completed: True.  Experts: [644, 3913, 3180, 2966, 2736, 2277, 526, 8429, 6693, 3107, 6, 8152, 6761, 7583, 950, 8935, 5374, 7371, 5942, 3613, 3840, 2780, 905, 3001, 3192, 1617, 9107, 8421, 1071, 8167, 2709, 113, 2548, 8073, 7668, 7254, 7086, 1730, 837, 457, 6104, 1043, 9030, 5968, 9071, 8740, 3363, 9499, 9081, 4651, 4350, 4283, 2322, 2269, 331, 8285, 8507].
Project[41]:
  Completed: True.  Experts: [1648, 1583, 8271, 5837, 4996, 4033, 6511, 6381, 7334, 276, 9313, 7695, 9182, 896, 313, 8595, 7236, 7359, 3780, 9355, 5330, 2379, 1990, 81, 1207, 589, 7923, 7377, 5180, 8482, 8050, 4910, 1549, 3720, 1190, 669, 3947, 6092, 1396, 7351].
Project[42]:
  Completed: True.  Experts: [7976, 7029, 3004, 2865, 2262, 6305, 1055, 191, 7103, 9326, 6042, 2976, 9310, 6429, 4007, 3112, 2088, 9264, 4892, 126, 598, 428, 9267, 7651, 6180, 5527, 1820, 1216, 6282, 3106, 9359, 7101, 6290, 4536, 3185, 841, 18, 7887, 7018, 5973, 2872, 2349, 2179, 7438, 3662, 2261, 2091, 7478, 1374, 8906, 2185, 7746, 6045, 2925, 6260, 3708, 196, 5766, 434, 5659, 4482].
Project[43]:
  Completed: True.  Experts: [7574, 7328, 5170, 2778, 7062, 4877, 1004, 558, 74, 6716, 6506, 2025, 8842, 8577, 6059, 3565, 3331, 5701, 652, 9599, 3182, 2523, 7350, 6774, 362, 3247, 2265, 2326, 2746, 1143, 9462, 9028, 8236, 3111, 2776, 877, 4312, 1405, 9295, 4765, 2446, 1909, 7819, 6942, 4915, 1689, 4032, 3939, 3704, 2648].
Project[44]:
  Completed: True.  Experts: [5737, 3468, 5060, 9111, 8865, 7775, 6070, 5683, 5255, 3689, 1468, 2220, 6084, 2344, 4324, 341, 1038, 213, 6696, 6425, 5788, 5502, 8851, 7125, 4610, 3537, 7456, 6217, 6227, 5961, 4304, 3222, 584, 6258, 4001, 186, 5635, 7922, 4113, 8451, 3387, 1887, 5206, 8032, 7132, 9204, 8342, 7832, 4097, 1911, 8615, 8220, 4286].
Project[45]:
  Completed: True.  Experts: [2660, 1659, 884, 3941, 9578, 8836, 6409, 6267, 5317, 7967, 7466, 9377, 6302, 5282, 3912, 3353, 6193, 8216, 5114, 4562, 4434, 4154, 4616, 1418, 504, 6629, 1070, 8489, 8185, 3632, 9548, 5507, 8095, 7490, 6294, 7487, 5462, 4433, 3252, 1757, 8442, 6213, 5654].
Project[46]:
  Completed: True.  Experts: [8155, 3242, 3169, 1774, 707, 3179, 7281, 4368, 13, 3774, 863, 5631, 5438, 2711, 5177, 2908, 253, 4441, 2590, 1541, 315, 7049, 2111, 3589, 2760, 1822, 6878, 745, 6731, 5873, 5471, 1315, 1447, 1013, 5328, 755, 3488, 1464, 906, 280, 696, 228, 8945, 5666, 4501, 641, 503, 6130, 5497, 940, 665, 9553, 6804, 6754, 36, 9514, 7691, 9256, 8759, 8239, 1781, 4686, 1451, 1565, 6014, 16, 9570, 9455, 6482, 1127, 9309, 8847, 8193, 7111, 6192, 2583].
Project[47]:
  Completed: True.  Experts: [4023, 3119, 6881, 9545, 9174, 6796, 5411, 6195, 4273, 1977, 8612, 6377, 5364, 4874, 1429, 999, 2022, 570, 269, 255, 9227, 7693, 468, 5222, 2171, 3389, 7719, 8487, 7965, 3433, 427, 6274, 6141, 1406, 9040, 7333, 5004, 8869, 7962, 3872, 2004, 1022, 8761].
Project[48]:
  Completed: True.  Experts: [3159, 2386, 1478, 640, 80, 7180, 6031, 2083, 1561, 943, 5773, 1934, 4101, 4639, 1973, 6837, 3079, 7952, 9219, 6325, 5466, 5048, 4049, 4987, 4363, 2267, 41, 6581, 8124, 7285, 2725, 2499, 1666, 6656, 4836, 4187, 6612, 2715, 2271, 1000, 3134, 1588, 9138, 8415, 8117, 295, 3687, 346, 9339, 6013].
Project[49]:
  Completed: True.  Experts: [6949, 5764, 4445, 4348, 4233, 4208, 8605, 3753, 3750, 9121, 6161, 4028, 3442, 8099, 7566, 8430, 7439, 960, 6537, 925, 9396, 6261, 6559, 2473, 5786, 7437, 3034, 2302, 7829, 6584, 6140, 3996, 3842, 2620, 7396, 6329, 3943, 529, 394, 3883, 2768, 2447, 8901, 218, 4481, 326, 5841, 4995, 1741, 1685, 6561, 4065, 2109, 62, 8157, 6947, 5331, 4981, 4268, 1839].
Project[50]:
  Completed: True.  Experts: [5535, 651, 6279, 3861, 2276, 401, 1228, 8655, 5375, 8459, 4802, 2406, 811, 208, 9492, 8922, 6346, 5902, 5899, 5340, 4801, 6273, 1932, 1699, 1134, 8164, 7769, 7538, 7419, 3974, 1680, 7093, 4447, 3560, 499, 9148, 6276, 5965, 5705, 8676, 5713, 1066, 5332, 3992, 9515, 7256, 5247, 3241, 3208, 1829, 323, 8420, 7654, 8517, 3675, 899].
Project[51]:
  Completed: True.  Experts: [5042, 8907, 8290, 7147, 9337, 7991, 7480, 3825, 3283, 3596, 3395, 291, 1364, 8874, 5353, 7499, 5970, 3092, 2334, 1830, 1785, 1780, 1131, 6393, 6328, 2804, 9550, 8916, 1452, 562, 55, 8502, 6595, 5529, 4218, 3030, 7942, 6631, 2240, 1961, 601, 7774, 8543, 6865, 493, 134, 8818, 5449, 5008, 4668, 2801, 1042, 6171].
Project[52]:
  Completed: True.  Experts: [6386, 3933, 8804, 8657, 8616, 6669, 1548, 5749, 3289, 979, 3598, 2958, 2388, 4277, 8781, 6780, 4468, 2389, 123, 6220, 8725, 5333, 8251, 8237, 2635, 2313, 7522, 6115, 3552, 5900, 5774, 4682, 6663, 5505, 4919, 4123, 1773, 1744, 4120, 1035, 9258, 6418, 9485, 4985, 9322, 7427].
Project[53]:
  Completed: True.  Experts: [5069, 4090, 945, 8856, 7688, 3546, 763, 722, 8126, 6544, 556, 9085, 6734, 5986, 3970, 1256, 1194, 762, 6990, 3154, 1303, 790, 3173, 8356, 8114, 8275, 7059, 6956, 108, 8, 859, 6873, 6505, 6289, 1039, 2907, 8718, 9394, 7802, 5029, 2891, 829, 5457, 3147, 2683, 2036, 1538, 161, 6708, 6596, 9327, 5241, 5197, 3296, 2702, 1423, 6815, 6786, 5756, 731, 9137, 8097, 6209, 5611, 4998, 470, 4222].
Project[54]:
  Completed: True.  Experts: [439, 3300, 6665, 6547, 5903, 4792, 3374, 7777, 3557, 3051, 1001, 312, 6093, 3636, 8495, 4271, 3871, 1623, 5789, 587, 299, 6473, 8592, 6316, 3771, 2390, 3630, 957, 3791, 1044, 947, 8978, 8031, 4869, 2486, 1271, 6900, 3991, 7709, 8952, 5846, 5399, 9286, 3918, 2610, 1331].
Project[55]:
  Completed: True.  Experts: [1414, 141, 8646, 8515, 8398, 7322, 8130, 2638, 7279, 6858, 5920, 5702, 2896, 934, 6860, 2495, 1628, 990, 727, 3751, 1846, 8485, 5725, 1982, 7034, 6175, 3707, 5138, 6476, 3149, 974, 247, 854, 7145, 5822, 951, 4144, 7649, 5433, 5298, 3096, 2654, 1958, 5628, 137, 2830, 2720, 2193, 739, 9236, 1030, 9502, 8067, 7851, 9544, 4980].
Project[56]:
  Completed: True.  Experts: [8996, 7831, 5934, 3511, 6828, 2624, 1102, 953, 585, 5871, 9423, 5145, 7798, 5349, 9401, 4720, 4392, 3017, 4575, 4473, 2192, 2020, 8233, 7756, 3748, 1440, 4260, 8782, 7748, 3302, 3558, 1855, 4866, 6619, 6585, 5059, 4051, 8537, 5007, 1363, 410, 53, 9349, 3608, 3002, 626, 7634, 2895, 7609, 8665, 8065, 563, 366, 9519, 1211, 611, 229, 9501, 6411, 5564, 8979, 5594].
Project[57]:
  Completed: True.  Experts: [4718, 8813, 3436, 619, 3803, 3212, 5070, 2438, 1622, 1558, 8899, 8225, 6702, 7486, 2752, 977, 4945, 4679, 2441, 2250, 2223, 944, 3023, 2918, 1970, 7969, 6435, 6427, 1491, 2247, 1942, 1369, 4226, 4076, 79, 7977, 3839, 9426, 9159, 8987, 7816, 7118, 7155, 6030, 6553, 6464, 5967, 5495, 4642, 4308, 3128, 2508, 545, 24, 5105, 7472, 3653, 7642].
Project[58]:
  Completed: True.  Experts: [7185, 5311, 807, 4204, 3043, 2790, 5155, 4936, 9048, 5528, 6535, 8671, 6594, 757, 29, 9567, 8557, 7966, 4816, 4506, 5131, 2387, 3734, 1462, 9211, 8416, 6318, 6110, 5392, 4791, 4291, 3783, 1886, 550, 281, 6968, 4676, 8691, 7623, 421, 3089, 2971, 2878, 1704, 1398, 5214, 1625, 9386, 4940, 1347, 340, 7451, 5856, 8153, 6763, 3982, 9131, 6825, 5067, 1779, 2385, 4856, 489, 224, 9372, 8479].
Project[60]:
  Completed: True.  Experts: [3929, 2295, 10, 1251, 9301, 8549, 8093, 3196, 6200, 4884, 2535, 2236, 939, 8866, 6514, 8886, 8520, 7581, 7859, 6218, 1991, 6737, 6016, 5136, 9387, 9042, 712, 8148, 2331, 608, 8768, 6540, 1205, 4417, 7694, 7078, 3527, 317, 5242, 5825, 3764, 8721, 5503, 7360, 9196, 7940, 7044, 2960, 6355, 3542, 6635, 5168, 3838, 2221, 916, 217, 5341, 5359, 1472, 9070, 4711, 2986, 14, 7607, 3573, 3530, 9199, 7990, 7268, 1858, 635, 4330, 1197, 8426, 8108].
Project[61]:
  Completed: True.  Experts: [3757, 2364, 3655, 3393, 2968, 5015, 8052, 2693, 2300, 4913, 6024, 8206, 3305, 1972, 8120, 5687, 4022, 3171, 9351, 6383, 3210, 2658, 1133, 9300, 2897, 5184, 7716, 7576, 7562, 5716, 1801, 5761, 2336, 4081, 3135, 2643, 5472, 3735, 3670, 1633, 661, 31, 9278, 3341, 1164, 1176, 395, 199, 5848, 5487, 742, 8972, 6062].
Project[62]:
  Completed: True.  Experts: [9597, 8648, 6495, 2275, 1295, 3318, 8204, 2832, 8101, 6661, 6591, 4518, 6894, 1408, 8003, 7261, 6615, 4203, 6533, 9088, 8226, 5398, 8004, 4782, 4302, 6639, 847, 8636, 5570, 4881, 9162, 2209, 7501, 4004, 3272, 9478, 2827, 7445, 4645, 3287, 8731, 8026, 7997, 7458, 5534, 6887, 3156, 5727, 3162, 2580, 9415, 9186, 7789].
Project[63]:
  Completed: True.  Experts: [2282, 8000, 1114, 398, 5287, 3319, 2380, 1243, 1535, 7182, 4817, 7597, 1943, 5801, 1595, 4581, 1995, 1006, 8870, 4820, 6688, 6569, 7340, 9209, 6215, 4410, 2927, 2231, 1498, 1146, 834, 548, 7978, 6638, 3779, 3217, 3826, 6069, 5511, 8191, 5640, 5053, 4552, 4510].
Project[64]:
  Completed: True.  Experts: [1365, 1250, 477, 6322, 311, 6184, 8452, 5806, 4967, 4586, 3070, 2180, 5171, 4294, 2065, 7588, 1793, 298, 4453, 3369, 8020, 2637, 8008, 6186, 254, 7864, 6106, 956, 812, 8739, 5425, 1944, 3248, 6249, 7845, 6139, 3828, 4813, 4223, 914, 4327, 8563, 4958, 4356, 845, 2617, 5078, 4956, 968, 469, 2142, 8727, 4973, 2935, 8756].
Project[65]:
  Completed: True.  Experts: [4608, 9541, 7697, 6208, 3693, 1626, 8175, 4509, 6463, 2000, 4258, 2308, 4968, 913, 4243, 3522, 716, 7175, 5454, 7968, 4188, 1796, 993, 965, 2837, 3449, 351, 268, 7498, 8174, 4566, 3042, 8399].
Project[66]:
  Completed: True.  Experts: [4015, 3834, 4379, 1180, 4777, 4381, 8852, 5288, 8395, 6957, 164, 8339, 4793, 6601, 4292, 711, 7847, 3181, 6319, 8397, 9178, 2863, 1332, 1292, 6593, 2432, 2128, 5121, 3232, 101, 8061, 2169, 1355, 8864, 5043, 7638, 4282, 8855, 8604, 8524, 1169, 838, 8801, 8048, 7070, 2521, 497, 8514, 8019, 5690, 3677, 1916, 3648, 1615, 988, 2744, 7475].
Project[67]:
  Completed: True.  Experts: [8256, 9276, 8822, 3682, 2272, 8860, 8188, 226, 827, 519, 6341, 5672, 4390, 1118, 4173, 3650, 1119, 2821, 2093, 3964, 3184, 1404, 7780, 5840, 3821, 2716, 1989, 1688, 9245, 7412, 3893, 5431, 2882, 5, 4401, 3981, 1710, 6415, 4266, 8463, 5095, 4228, 6275, 3288, 309, 5307, 8917, 2618, 1892, 1574, 1242, 8322, 7465].
Project[69]:
  Completed: True.  Experts: [9302, 8669, 7936, 3809, 8946, 3127, 3629, 3227, 2510, 1733, 1635, 376, 8521, 7426, 1195, 6966, 5778, 5026, 4259, 2418, 252, 8778, 7643, 7444, 6902, 3183, 2774, 2641, 1630, 4207, 3151, 2080, 7828, 6600, 3555, 6526, 6349, 5539, 1449, 1326, 8716, 8436, 3852, 3189, 8570, 1636, 6985, 4014, 3480, 7181, 1782, 1322, 1302, 1116].
Project[70]:
  Completed: True.  Experts: [605, 3715, 7382, 2047, 6587, 2948, 2811, 1273, 9200, 8212, 7039, 5230, 2814, 8419, 7217, 4200, 7094, 4763, 3805, 2474, 7629, 7389, 4408, 9101, 8982, 3879, 2613, 1191, 7374, 6468, 5130, 931, 90, 9003, 5302, 7731, 7349, 6448, 1219, 125, 2396].
Project[71]:
  Completed: True.  Experts: [9331, 3413, 1819, 5273, 9142, 2419, 1175, 591, 5852, 4818, 3569, 6912, 5183, 3948, 318, 9230, 2314, 9012, 3745, 1888, 9448, 5103, 9435, 5657, 4229, 2899, 3303, 2423, 1575, 6945, 1212, 3133, 537, 2769, 39, 6421, 599, 4031, 7585, 6063, 4888, 8317, 4991, 4824, 4206, 3085, 1663, 746, 6573, 8985, 7920, 6225, 3090, 2555, 4029, 3730].
Project[72]:
  Completed: True.  Experts: [5630, 4427, 963, 6051, 3412, 3845, 9593, 5041, 2698, 4832, 3543, 7699, 4537, 8492, 8202, 8116, 6539, 7902, 7046, 3717, 3548, 3099, 2301, 3225, 3832, 2517, 865, 623, 1139, 5369, 5018, 4567, 4279, 2323].
Project[73]:
  Completed: True.  Experts: [1344, 7056, 6466, 6095, 5293, 3073, 8995, 8348, 2987, 2197, 5907, 3209, 9051, 3880, 6081, 2599, 7736, 5092, 8456, 5379, 3787, 9334, 6402, 5565, 4016, 3835, 736, 104, 7806, 7112, 5908, 2254, 3215, 514, 4938, 4621, 2887, 5279, 4962, 3383, 6202, 7960, 6995, 6743, 310, 1586, 7079, 5590, 1978, 2512, 3019, 2409, 303, 8014, 6869, 6242, 369, 7171].
Project[75]:
  Completed: True.  Experts: [3490, 1639, 9442, 8923, 8133, 5540, 393, 7567, 5090, 3683, 2448, 1748, 620, 1316, 9123, 7140, 7307, 4521, 2042, 8606, 1993, 9419, 7810, 2055, 491, 423, 9166, 1128, 667, 143, 4178, 1605, 5238, 5897, 4215, 3990, 2434, 8504, 2664].
Project[76]:
  Completed: True.  Experts: [5922, 9500, 9382, 9253, 8526, 2944, 4921, 2772, 597, 2532, 1454, 8005, 5099, 7858, 7784, 2103, 6368, 4186, 6040, 6049, 5140, 8179, 2189, 4690, 4906, 4257, 3199, 8477, 7735, 3533, 2160, 1695, 6178, 973, 8912, 7191, 1354, 6959, 1964, 1486, 3984, 1453, 1866, 7052, 3355, 2461, 6444, 5233, 207, 8653, 8203, 7714, 2779, 9493, 6764, 7336, 5780, 6278, 5297, 3335, 8263, 6382, 1813, 1029, 8833].
Project[77]:
  Completed: True.  Experts: [4715, 9292, 7678, 5847, 3406, 1592, 8215, 573, 8749, 5917, 3337, 2564, 5684, 8056, 2843, 560, 3967, 3494, 2569, 2324, 7157, 4923, 2869, 822, 595, 583, 8586, 6080, 4568, 8594, 6755, 3851, 2222, 6630, 7235, 7017, 4446, 3478, 2560, 1770, 579, 9285, 6851, 5257, 645, 552, 4853, 1708, 8733, 4723, 3038, 1422, 804, 6729, 5194, 1751, 1067, 998, 6177].
Project[79]:
  Completed: True.  Experts: [9555, 7214, 448, 9473, 6562, 6226, 5102, 3942, 683, 1594, 2158, 1117, 806, 6657, 5830, 3857, 7517, 7227, 5263, 4375, 901, 8243, 7206, 6940, 5674, 7495, 4719, 986, 8383, 8057, 7172, 3455, 9125, 1101, 189, 6899, 1227, 5216, 4039, 1761, 9223, 3932, 9444, 8077, 7041, 8690, 5566, 7880, 4402, 7861, 2348].
Project[80]:
  Completed: True.  Experts: [6143, 4436, 4310, 678, 1860, 9504, 7683, 4345, 761, 498, 7144, 6068, 4620, 1446, 9231, 1148, 862, 9308, 1225, 8022, 4876, 3574, 2023, 37, 8821, 8247, 3207, 8159, 1938, 4067, 2320, 8229, 6490, 8894, 4091, 3624, 3277, 2867, 8151, 3235, 1634, 446, 8787, 3775, 1346, 2454, 2060, 8788, 7345, 6911, 5451, 2191].
Project[81]:
  Completed: True.  Experts: [6373, 6327, 5947, 4783, 4399, 3328, 2526, 2496, 1277, 6196, 3850, 9428, 8138, 7421, 4387, 8578, 7390, 5441, 5883, 3139, 1520, 8231, 3642, 2463, 3531, 3378, 6767, 2567, 2402, 481, 7135, 8554, 5176, 7388, 7384, 5478, 5235, 4008, 3243, 1343, 322, 522, 5802, 8911, 7836, 2105, 621, 7258, 4557, 7028].
Project[82]:
  Completed: True.  Experts: [2999, 2068, 5188, 3571, 1120, 6730, 4084, 5782, 9557, 7519, 6748, 7105, 2181, 6633, 9518, 8896, 8734, 2489, 613, 5380, 3671, 3385, 1568, 1430, 1281, 773, 502, 5277, 8999, 6197, 3844, 2630, 1083, 201, 6410, 5924, 5097, 9591, 8315, 4397, 8997, 6750, 3640, 6883, 4615, 4152, 1805, 262, 9077].
Project[83]:
  Completed: True.  Experts: [251, 6576, 6548, 2472, 9152, 6673, 8021, 5651, 5429, 780, 242, 8228, 4361, 3889, 8509, 7354, 4775, 335, 2723, 2137, 1171, 6565].
Project[84]:
  Completed: True.  Experts: [8183, 7903, 6281, 5413, 9585, 5356, 4298, 156, 7768, 5925, 1021, 9404, 2029, 6831, 3448, 2227, 2046, 1692, 800, 7300, 4056, 3286, 2799, 4681, 6775, 2530, 6098, 5520, 5033, 3697, 3656, 7696, 6674, 3925, 8686, 7684, 5953, 8959, 7430, 4210, 7027, 6174, 7565, 385, 8278].
Project[85]:
  Completed: True.  Experts: [4211, 9110, 2374, 9496, 4729, 8209, 783, 187, 7270, 2219, 5199, 4366, 1890, 75, 8587, 7398, 689, 2952, 2164, 4079, 1516, 5019, 1246, 6245, 6134, 3627, 2697, 2270, 1208, 6577, 3325, 8308, 4911, 3767, 8443, 7795, 9173, 8795, 6458, 3637, 2675, 2274, 2165, 450, 1573, 462, 2885, 2429, 1661, 9556].
Project[86]:
  Completed: True.  Experts: [5001, 4293, 2125, 9417, 8802, 8551, 7240, 8634, 7023, 4976, 2016, 7656, 4167, 9447, 3044, 6681, 2998, 9155, 4296, 7702, 9490, 2552, 6401, 5022, 3446, 2430, 1768, 3830, 140, 2207, 9573, 9226, 1339, 9431, 9130, 6006, 3961, 1017, 4, 8926, 8626, 7280, 6313, 1840].
Project[87]:
  Completed: True.  Experts: [3408, 7004, 5916, 2938, 3315, 7115, 5225, 7169, 4148, 2384, 2235, 1602, 704, 9017, 726, 7433, 4309, 894, 6492, 2341, 7150, 7014, 5417, 2665, 3145, 1528, 1016, 8074, 3317, 4778, 9075, 6967, 654, 7917, 6451, 4153, 2378, 6347, 5617, 2522, 7139, 6445, 5506, 5343, 3213, 7630, 2028, 675, 9427, 4701, 7272, 1701, 2848, 2471, 1144, 1444, 5305, 6771].
Project[88]:
  Completed: True.  Experts: [7399, 7053, 5319, 3082, 3069, 6212, 8227, 8044, 1897, 142, 9374, 7621, 6787, 5474, 4467, 3333, 8799, 5891, 5012, 5490, 1713, 157, 959, 8629, 6450, 7782, 5253, 5215, 7862, 6844, 6551, 787, 415, 7031, 63, 8475, 7840, 5989, 6204, 1500, 7223, 6848, 6687, 6053, 4500, 4464, 5005, 4935].
Project[89]:
  Completed: True.  Experts: [4964, 459, 8281, 6882, 5896, 3415, 220, 6517, 1099, 1086, 8010, 3885, 3416, 2342, 9594, 7505, 3121, 8510, 897, 9294, 4863, 4491, 1007, 7665, 5284, 7199, 2871, 2870, 348, 5423, 895, 7904, 1435, 1415, 370, 8893, 6622, 6812, 908, 8392, 7507, 4613, 2880, 1005, 8924, 8744, 3651, 6971, 6257, 5747, 3087, 2363, 2288, 2692, 1389, 9449].
Project[90]:
  Completed: True.  Experts: [1898, 1481, 2722, 1814, 1812, 7294, 5676, 3626, 7440, 3280, 8746, 6620, 2144, 7589, 4267, 1284, 7424, 7319, 8798, 7653, 6877, 3649, 5915, 4983, 1125, 506, 7772, 801, 67, 8884, 6649, 6999, 8450, 7781, 7225, 5693, 5439, 4797, 4439, 1221, 7167, 2748].
Project[91]:
  Completed: True.  Experts: [4556, 4457, 2067, 590, 9438, 8013, 5243, 1684, 1319, 1062, 580, 214, 42, 2145, 9393, 4622, 9139, 6207, 5111, 3579, 3048, 7848, 3586, 2852, 5800, 1088, 1777, 474, 384, 8552, 7568, 3349, 4530, 2392, 627, 8970, 1393, 9365, 7063, 5296, 4003, 1135, 7276, 5085, 3971, 2167, 9001, 7764, 6799, 6469, 5923, 5435, 3833, 509, 6412, 3118, 8230, 6974, 5410].
Project[93]:
  Completed: True.  Experts: [6571, 6150, 3888, 8333, 6996, 4108, 1765, 1539, 596, 64, 8292, 8104, 5151, 1579, 1183, 5252, 4733, 3458, 5405, 2079, 8670, 7590, 1274, 8478, 8055, 7628, 7057, 3347, 9195, 6324, 4011, 3873, 3098, 2605, 1407, 8830, 5722, 6820, 6333, 4699, 4546, 2491, 8266, 7883, 4520, 3714, 3276, 3163, 967].
Project[94]:
  Completed: True.  Experts: [7479, 5728, 4646, 8709, 5826, 9536, 9122, 9078, 7491, 7416, 5721, 8358, 1954, 1572, 754, 2873, 616, 604, 6219, 4599, 3904, 9233, 7620, 2161, 6491, 768, 8658, 8143, 2032, 6952, 7116, 1870, 1833, 8103, 6032, 2450, 1941, 9006, 6550, 3572, 2677, 1003, 844, 814, 1121].
Project[95]:
  Completed: True.  Experts: [7310, 7315, 4667, 9198, 1179, 5618, 8645, 4005, 97, 2558, 5645, 5583, 1024, 4275, 1537, 819, 7867, 3460, 3251, 7392, 5559, 4952, 2449, 5629, 1778, 1740, 3694, 1847, 942, 8617, 5879, 2850, 1012, 456, 8165, 6543, 5919, 1151, 6664, 5905, 4295, 147, 7434, 6076, 5337, 5234, 2857, 952, 5077, 4795, 7916, 7176, 6456, 6270, 9116, 6685, 3010, 6138, 5937, 5819, 4984, 5938, 4389, 3841, 3657, 1771, 57].
Project[96]:
  Completed: True.  Experts: [3902, 1553, 8407, 6314, 3581, 1952, 265, 8730, 5419, 2017, 8862, 3097, 2718, 297, 6001, 5278, 8895, 5112, 4587, 3867, 9532, 7800, 5979, 2113, 5552, 5500, 7611, 5704, 741, 7403, 4255, 4147, 2031, 7228, 6625, 3536, 1984, 1137, 9579, 7528, 7209, 277, 154, 9100, 7999, 1950, 7929, 3339, 3116, 1976, 7015, 1690, 9390, 8390, 8269, 3074, 1166, 883, 8172, 5486, 8954, 7106, 5049, 4486, 4046, 3056, 3938, 2929, 7983, 7054].
Project[97]:
  Completed: True.  Experts: [1165, 2750, 290, 9092, 8092, 7342, 7037, 3820, 5259, 4367, 6125, 184, 4459, 3972, 2205, 8318, 4759, 9147, 8379, 138, 5991, 3049, 9525, 4669, 3563, 2355, 1881, 8352, 7400, 3486, 1570, 874, 5797, 4752, 4460, 8942, 6520, 8806, 8755, 9210, 5992, 9251, 8527, 6118, 5878, 1337, 9458, 4617, 2018, 751, 6909, 6885, 6824, 3523, 3292].
Project[98]:
  Completed: True.  Experts: [9451, 9169, 8432, 7886, 5888, 4231, 3496, 2050, 8060, 1074, 3786, 194, 76, 5696, 2876, 4937, 4127, 4021, 8012, 3761, 8488, 7423, 6720, 9268, 8149, 6320, 4394, 2923, 1670, 725, 5178, 288, 9362, 2981, 8695, 6471, 9367, 8664, 1297, 451, 7737, 3911, 2936, 5949, 2196, 5750, 3877].
Project[99]:
  Completed: True.  Experts: [5073, 3175, 8644, 8186, 6164, 5142, 4254, 1518, 9093, 8877, 867, 9481, 2273, 7316, 7252, 5468, 4631, 5799, 9422, 3934, 2974, 9368, 7312, 8904, 8902, 7289, 6542, 6460, 2682, 5803, 3623, 6841, 6760, 5376, 2764, 4424, 7457, 2557, 887, 9271, 8085, 8834, 6189, 7415, 5167, 4734, 1138, 8828, 1536, 6503].
Project[100]:
  Completed: True.  Experts: [7492, 7197, 6922, 3055, 2625, 1052, 324, 6372, 5133, 4900, 1603, 8707, 6120, 320, 105, 316, 1388, 169, 6112, 5865, 2255, 8110, 2482, 3728, 9366, 697, 9242, 7770, 6777, 6712, 6611, 5714, 8189, 3661, 779, 7343, 6234, 4756, 4135, 9446, 5980, 4487, 1842, 2679, 1432, 21, 8382, 2657, 1999, 333, 9220, 7030].
Project[101]:
  Completed: True.  Experts: [4885, 3575, 8720, 3711, 3218, 2576, 405, 8414, 3988, 3424, 2481, 8544, 6512, 6706, 7905, 7753, 5064, 4346, 6244, 107, 8900, 8017, 5643, 3524, 5036, 531, 9305, 6608, 9319, 8853, 7510, 261, 3297, 915, 8121, 7318, 4728, 357, 5226, 6976, 1479, 6153, 6211, 5612, 2890, 5776, 4916, 8619, 8567, 5748, 3467, 2941, 111, 6210, 386, 15, 9281, 3190, 8849, 4747, 4600, 1366, 8800].
Project[103]:
  Completed: True.  Experts: [7543, 7523, 4781, 3635, 2608, 8986, 5726, 1838, 5308, 4901, 4129, 9512, 6248, 7975, 6044, 4939, 2728, 2383, 1709, 9073, 4502, 2206, 9089, 5762, 5777, 2468, 2044, 476, 7556, 602, 4740, 7291, 3618, 6230, 543, 5153, 8635, 9596, 8080, 8411, 8100, 8404, 6859, 6366, 8064, 6741, 4808, 7447, 8772, 8607, 5327, 4017, 3691, 3538, 985, 4544, 7220, 6132, 2634].
Project[104]:
  Completed: True.  Experts: [6268, 3553, 3860, 2607, 2251, 1676, 1957, 8752, 7899, 2325, 1210, 6272, 8704, 3071, 1028, 7894, 4807, 1340, 8173, 6022, 2978, 1463, 8011, 3301, 1783, 7981, 5541, 5267, 9029, 7010, 7443, 9046, 7249, 5326, 4169, 2844, 2684, 1936, 9378, 7386, 6944, 4549, 3887, 3678, 1716, 816, 9072, 6541, 5522, 5249, 302, 124, 5034, 6721].
Project[105]:
  Completed: True.  Experts: [9306, 9013, 8331, 204, 5944, 5023, 2694, 7712, 452, 4027, 7245, 4124, 7822, 2846, 2199, 1327, 7631, 7005, 2286, 1372, 8150, 8462, 5368, 3975, 1743, 1305, 1248, 7338, 7011, 6975, 4199, 1742, 6050, 1581, 380, 8765, 8683, 6827, 2089, 4762, 6861, 4300, 8274, 7201, 1600, 8139, 4322, 9149, 8282, 8211, 4492, 2369, 293, 9577].
Project[107]:
  Completed: True.  Experts: [7069, 6504, 3576, 2997, 2862, 2545, 1428, 4809, 3150, 6214, 3529, 2581, 1063, 5228, 6933, 5584, 3712, 5126, 9453, 1922, 190, 4948, 2733, 8457, 7020, 5895, 1068, 3639, 2551, 1580, 1097, 1791, 879, 582, 361, 1443, 479, 3710, 4705, 8094, 8249, 7667, 5309, 7469, 4192].
Project[108]:
  Completed: True.  Experts: [2244, 103, 6135, 9510, 3293, 1640, 8262, 7183, 5587, 9023, 5935, 5653, 4230, 3357, 8831, 7647, 4755, 4171, 3427, 5276, 8294, 910, 7617, 7347, 995, 210, 9248, 3847, 9402, 2408, 1306, 2825, 2506, 2460, 2064, 6399, 4899, 8710, 7047, 6198, 5567, 9221, 7204, 5886, 7686, 6936, 5485, 2589, 1455, 9252, 8084, 6856, 4355, 1654, 3719].
Project[109]:
  Completed: True.  Experts: [305, 9214, 7138, 4048, 1891, 4993, 2519, 2509, 8961, 7980, 8659, 821, 122, 5192, 9454, 7253, 2003, 5510, 9027, 5295, 3094, 1797, 3345, 8973, 4064, 3178, 2741, 1738, 1439, 3, 8498, 3602, 3605, 8329, 392, 2346, 3384, 1223, 8915, 8625, 7974, 4212, 3892, 3423, 2651, 1095, 7605, 2737, 2713, 8747, 6644, 923, 791, 717, 7083].
Project[112]:
  Completed: True.  Experts: [2612, 2405, 6715, 6158, 1556, 433, 5945, 1034, 463, 6650, 4224, 6977, 6060, 4066, 8839, 7379, 2403, 7855, 7148, 3409, 96, 6895, 1356, 6369, 4058, 1279, 7397, 9582, 7358, 6201, 5360, 4190, 2024, 330, 110, 7644, 6287, 3487, 8984, 6440, 3606, 2228, 1506, 8882, 6344, 2034, 7692, 2591, 2628, 1357, 3407, 1641, 5744, 9335, 8486, 8881, 6632, 129, 9000, 7450, 6765].
Project[113]:
  Completed: True.  Experts: [1937, 3725, 2514, 7778, 1252, 131, 8684, 8105, 4606, 4314, 3515, 5939, 4891, 4075, 3906, 475, 5574, 5407, 4313, 4155, 5525, 6643, 1875, 8846, 8345, 9430, 5960, 5404, 4323, 2475, 7152, 6404, 9459, 6461, 4760, 1754, 5000, 406, 3143, 8525, 8327, 7301, 3157, 1111, 6570, 694, 8137, 8135, 4119, 2377].
Project[114]:
  Completed: True.  Experts: [2864, 1919, 992, 5088, 4333, 1266, 8661, 3453, 692, 7882, 5144, 3858, 2924, 5250, 732, 8940, 4415, 2932, 6993, 2226, 1385, 7635, 7571, 7239, 1333, 6228, 2700, 2642, 2529, 744, 9105, 3312, 4675, 3306, 3059, 6890, 5752, 8789, 4525, 3896, 8428, 4787, 1283, 7706, 3532, 1230, 9539, 9358, 7255, 6969, 5465, 2783, 374].
Project[115]:
  Completed: True.  Experts: [2198, 60, 8610, 7641, 6709, 5966, 4841, 1981, 1386, 6434, 5739, 4771, 3583, 3410, 2541, 1237, 6866, 4201, 3594, 1876, 83, 1353, 6718, 4618, 4249, 3736, 2979, 2204, 685, 5763, 7662, 7149, 6152, 4703, 4227, 279, 7830, 4908, 4484, 547, 3778, 1643, 941, 4236, 8076, 3788, 8418, 4677, 1519, 9304, 9234, 8353, 4857, 629, 8253, 6590, 949, 4405].
Project[116]:
  Completed: True.  Experts: [4929, 8823, 1049, 8680, 6567, 5174, 3397, 6494, 6119, 1811, 8764, 8540, 4193, 1665, 6989, 336, 23, 9282, 9528, 7914, 1613, 3244, 3041, 2252, 6416, 4931, 2970, 7722, 1792, 9095, 8715, 8640, 8223, 7998, 7391, 7131, 1810, 4601, 3165, 2317, 7348, 4141, 8072, 7518, 7133, 6370, 2759, 2490, 898, 352, 8389].
Project[117]:
  Completed: True.  Experts: [4237, 3645, 8565, 6124, 4800, 6578, 8380, 4661, 7703, 7747, 414, 911, 1764, 3498, 179, 4449, 1642, 764, 9187, 7529, 6599, 7485, 1090, 8832, 2912, 2456, 2770, 2931, 425, 73, 7783, 6430, 3514, 3461].
Project[118]:
  Completed: True.  Experts: [4835, 4691, 4184, 3658, 1724, 1072, 9055, 8528, 175, 4685, 3035, 521, 4306, 151, 8897, 4160, 7535, 6340, 6144, 4303, 6984, 6694, 2681, 9413, 676, 6166, 5224, 6269, 5211, 2604, 8824, 6818, 2842, 1737, 1328, 946, 9167, 8628, 7530, 7080, 6662, 9418, 8939, 4961, 7911, 5344, 4263, 7791, 4247, 2570].
Project[119]:
  Completed: True.  Experts: [4583, 1459, 8445, 5185, 3366, 8142, 4594, 1467, 245, 9530, 4842, 2234, 875, 8745, 2668, 4252, 9034, 7435, 6597, 5882, 5266, 4704, 1808, 5358, 7137, 5839, 4498, 9479, 8980, 5335, 3914, 9531, 7436, 8171, 6437, 851, 5127, 2993, 1853, 3370, 1402, 2875, 1697, 1200, 3456, 3063, 1540, 7313, 5421, 3667, 737, 8873, 3495, 1913, 1559, 557, 1059, 91, 7428].
Project[120]:
  Completed: True.  Experts: [4539, 3616, 66, 6501, 5812, 4125, 7718, 5556, 3927, 6079, 6253, 4533, 4099, 8267, 6948, 4181, 3744, 918, 8304, 4053, 1488, 3172, 7539, 5075, 4162, 902, 6384, 3824, 6806, 6442, 5172, 1084, 7844].
Project[121]:
  Completed: True.  Experts: [9145, 6423, 8769, 7406, 5699, 5432, 69, 3703, 9249, 8090, 4374, 3676, 1419, 1662, 869, 7809, 7727, 6814, 4726, 578, 2742, 9216, 4342, 7687, 6896, 4423, 784, 8113, 7248, 8579, 2967, 2686, 2382, 922, 7906, 6315, 5285, 3869, 308, 9314, 4660, 3388, 3161, 3411, 202, 8015, 4393].
Project[122]:
  Completed: True.  Experts: [3916, 5488, 1287, 4451, 1474, 5261, 9441, 6614, 6978, 5821, 5499, 3033, 2483, 9392, 6833, 4503, 235, 4109, 2874, 8872, 8045, 6563, 6113, 1629, 8774, 8472, 5473, 5412, 5348, 4833, 3316].
Project[123]:
  Completed: True.  Experts: [1214, 9076, 5582, 6901, 6111, 3263, 6385, 4095, 1069, 564, 9238, 5548, 2822, 7085, 5406, 4514, 1475, 8217, 5455, 2098, 1727, 6795, 6317, 7000, 643, 7670, 5444, 3299, 6114, 4131, 4165, 3566, 507, 924, 634, 4565, 1966, 7889, 9257, 7385, 9043, 7741, 4717, 3819, 2175, 2420, 909, 4278, 2928, 1158, 6836, 5066, 4420, 7154, 5061, 3440, 861, 205, 5962, 1507].
Project[124]:
  Completed: True.  Experts: [7817, 7452, 7088, 6518, 6345, 4926, 3669, 1156, 868, 271, 5002, 2124, 6067, 2176, 5807, 3117, 2673, 1906, 5403, 466, 9491, 9341, 8965, 6376, 6265, 5453, 373, 8111, 5605, 4523, 607, 8447, 8937, 5972, 420, 1914, 7454, 6552, 4796, 3058, 6462].
Project[125]:
  Completed: True.  Experts: [1610, 542, 432, 4320, 9380, 3018, 9526, 5857, 4978, 7376, 7259, 7114, 3350, 72, 5108, 4045, 5450, 3617, 2903, 9290, 3973, 6607, 6498, 1053, 8643, 8051, 4340, 4088, 2646, 1795, 8068, 6017, 5600, 2963, 2611, 6937, 2853, 3191, 1679, 7870, 3158, 2201, 4849, 8393, 7671, 6797, 4145, 3481, 174, 4963, 4122, 2623].
Project[126]:
  Completed: True.  Experts: [718, 127, 8583, 7690, 8693, 7582, 6972, 8545, 6176, 3955, 3827, 3591, 7195, 8591, 8079, 5843, 4061, 3949, 7961, 3950, 9537, 1719, 45, 9114, 5437, 5207, 6391, 5678, 4674, 3011, 8571, 6122, 6913, 3732, 3281, 1192, 6246, 4579, 3587, 9549, 8146, 1879, 1877, 1731, 6403, 5072, 4708, 1542, 1311, 527, 8350, 5571, 4946, 6917, 6485, 4069, 1967, 3722, 3000, 8775, 8753, 1285, 1270, 2786, 1621, 483, 8058, 7812, 2127, 1526, 782, 2298, 7536].
Project[127]:
  Completed: True.  Experts: [5994, 3342, 6886, 5299, 5943, 100, 4965, 3731, 3503, 3021, 4351, 259, 7260, 6408, 832, 5910, 3493, 1836, 4437, 9354, 5730, 4072, 2727, 9516, 5998, 5514, 5134, 3177, 464, 6722, 2703, 2824, 4960, 1645, 7084, 4706, 2892, 8029, 6823, 1856, 1799, 839, 2411, 5536, 2488, 435, 7875, 3578, 2791, 1725, 7297, 5867, 5607, 4265, 9373, 7066, 7717, 5984, 7193, 6380, 6312, 624, 7713, 3202, 95, 7462, 7448].
Project[129]:
  Completed: True.  Experts: [1884, 2538, 2213, 1336, 9554, 4803, 4591, 1092, 904, 8190, 7314, 2054, 8007, 5608, 3400, 1350, 2731, 5139, 354, 480, 9568, 9533, 8754, 632, 6752, 6133, 4043, 9033, 7797, 6154, 3663, 3600, 2203, 1576, 1011].
Project[130]:
  Completed: True.  Experts: [5695, 1672, 7558, 6082, 3231, 1550, 1229, 1152, 3006, 1020, 3577, 8444, 4636, 3520, 1370, 7533, 5738, 4319, 2916, 2, 7808, 6299, 9141, 8024, 6701, 4329, 642, 2933, 3052, 136, 7341, 7856, 4766, 3647, 473, 8273, 7637, 8468, 8170, 6779, 6574, 9384, 7754, 2073, 1608, 1254, 5521, 3457, 2241, 9113, 3875, 1726, 1103, 7674, 7602, 730, 7676, 9156, 7596, 8903, 8244].
Project[131]:
  Completed: True.  Experts: [2743, 7982, 4114, 6513, 4098, 534, 7467, 5685, 5334, 9321, 7633, 4883, 7733, 5537, 3322, 2578, 5697, 2368, 1802, 1460, 5367, 6773, 1189, 2533, 5580, 5054, 4349, 866, 8089, 8027, 7995, 5990, 4444, 2883, 2518, 9250, 9047, 7429, 4652, 970, 3666, 2102, 6880, 1438, 9229, 9004, 5035, 1411, 8609, 9575, 496, 1832, 7151, 5588, 4166, 3804, 3614, 2012, 8779, 4852, 8650, 8441, 7393, 4695, 4425, 1263, 7627, 4096].
Project[133]:
  Completed: True.  Experts: [3290, 9477, 8424, 6536, 5498, 1193, 6575, 3859, 6610, 4847, 5516, 4483, 3849, 6360, 8367, 3544, 82, 6850, 6840, 5906, 5076, 7073, 6776, 4648, 3402, 729, 7196, 9513, 8205, 6872, 467, 1851, 1703, 2520, 815, 8994, 7860, 6497, 5558, 1965, 9133, 8713, 1492, 9574, 8197, 7930, 7926, 1231, 270, 5524, 662, 301, 8816, 8439, 6256, 5996].
Project[135]:
  Completed: True.  Experts: [8023, 7854, 1509, 419, 7658, 4534, 5892, 5476, 1149, 2910, 2860, 5861, 1436, 9069, 6711, 1816, 289, 8122, 7455, 1769, 188, 3738, 6455, 4672, 831, 6163, 2868, 8736, 8678, 8933, 2170, 8287, 2763, 8867, 9016, 7275, 2002, 576, 7553, 7726, 7572, 7321, 2400, 7302, 7284, 6682, 1585, 8589, 5794, 3255, 4426, 5609, 3978, 1835, 8654, 2587, 2339, 2133, 740, 2246, 7232, 4975].
Project[136]:
  Completed: True.  Experts: [8062, 5493, 1529, 8338, 8280, 8210, 6229, 5538, 6628, 1178, 3966, 1931, 3221, 700, 5627, 569, 1947, 4673, 6582, 3392, 7595, 2758, 3739, 7918, 6026, 7551, 6928, 6146, 4240, 538, 4456, 1975, 864, 296, 4603, 8324, 5209, 3799, 5816, 8499, 6756, 3615, 6205, 5964, 4602, 9457, 9434, 5300, 3471, 9087, 7352, 7146, 8767, 6359, 8222, 5158, 4641].
Project[137]:
  Completed: True.  Experts: [9262, 7921, 6481, 5385, 574, 465, 1349, 830, 2893, 2096, 8491, 3919, 1495, 6162, 5740, 4738, 4736, 2662, 7932, 4359, 3390, 9163, 5658, 1202, 8673, 1226, 5390, 1140, 9471, 6623, 8413, 5414, 4882, 152, 8034, 6636, 9018, 6357, 5248, 4912, 3166, 1304, 9488, 4245, 1896, 1510, 7110, 3437, 3434, 2739, 6157, 2051, 848, 7178, 6094, 3469, 1904, 1161, 7818, 8951, 275, 1335, 7947, 3926, 9127, 8346, 6288, 5875, 4285, 4070, 2478].
Project[138]:
  Completed: True.  Experts: [1147, 3516, 3348, 3219, 2138, 1268, 6375, 2153, 1324, 1018, 8936, 7292, 2528, 8480, 6874, 6414, 3628, 2037, 1543, 1530, 774, 344, 8240, 8112, 7050, 3900, 3464, 5815, 3491, 5954, 4311, 3762, 3625, 2459, 7849, 5031, 8221, 8688, 8296, 7290, 5274, 3270, 7119, 5321, 1935, 8705, 5602, 7941, 5759].
Project[139]:
  Completed: True.  Experts: [9213, 9188, 8500, 5613, 4743, 3742, 2291, 5823, 5370, 4194, 2632, 1747, 2550, 1294, 4343, 8096, 1431, 9483, 7790, 8169, 6467, 5700, 4854, 9115, 6742, 4543, 3203, 7032, 4737, 4532, 2957, 4132, 756, 5820, 5107, 535, 2233, 6925, 8381, 7892, 1551, 860, 747, 3603, 1159, 828, 8066, 2480, 391, 5463, 258, 6653, 2525, 8726, 3352, 8375, 6926, 2775, 2540, 808].
Project[140]:
  Completed: True.  Experts: [8573, 7619, 4034, 7189, 1524, 2738, 4875, 1980, 4315, 3668, 3391, 9436, 8355, 7142, 5719, 2995, 8347, 7546, 8297, 5765, 1485, 2057, 4470, 2397, 1290, 1373, 4287, 4376, 4018, 2507, 278, 32, 3428, 193, 6637, 6475, 3915, 6407, 6066, 1375, 9192, 7287, 7117, 6072, 4823, 2730, 94, 8647, 6988, 2762, 8790, 3421].
Project[141]:
  Completed: True.  Experts: [5870, 3752, 2182, 2285, 9405, 6074, 4830, 4012, 9410, 4629, 7698, 2407, 982, 5283, 5113, 7557, 3237, 1859, 994, 449, 2951, 7372, 1361, 6015, 6916, 3323, 1487, 5212, 728, 356, 5081, 7749, 6749, 490, 5655, 880, 8260, 6331, 4653, 4406, 8295, 5292, 6930, 5649].
Project[142]:
  Completed: True.  Experts: [4649, 2983, 4142, 1188, 8948, 3359, 3206, 1458, 8372, 6191, 4696, 3690, 686, 9106, 5817, 2536, 1718, 9370, 8049, 1198, 5143, 5703, 1387, 11, 5047, 3777, 2854, 4810, 460].
Project[143]:
  Completed: True.  Experts: [121, 92, 7751, 233, 3470, 3336, 5553, 1184, 7136, 6065, 4126, 3129, 1862, 8360, 609, 5834, 4156, 2756, 1722, 6747, 6394, 5062, 1082, 267, 8213, 6648, 6692, 3936, 9592, 8780, 3706, 8437, 8178, 6071, 6002, 5691, 4994, 935, 6530, 6395, 3549, 2026, 1772, 3816, 3062, 9475, 8180, 8613, 6832, 4284, 148, 6888, 6609, 5116, 4999, 4630].
Project[144]:
  Completed: True.  Experts: [8614, 688, 5200, 5983, 8325, 7330, 314, 33, 9469, 7765, 4680, 2337, 2321, 6172, 3592, 159, 1421, 4301, 3271, 2812, 2370, 1804, 6155, 766, 612, 2747, 2695, 9202, 3724, 8711, 1224, 1650, 954, 7897, 4478, 4455, 1282].
Project[145]:
  Completed: True.  Experts: [4191, 3760, 2556, 6849, 5091, 5032, 4758, 532, 603, 3547, 8402, 8299, 2680, 7414, 2705, 3601, 3364, 3053, 2818, 1930, 7263, 4700, 3876, 379, 6950, 4507, 586, 893, 9298, 6655, 1736, 8449, 7127, 1360, 1325, 5366, 5975, 5110, 9425, 9005, 5596, 1483, 8192, 8291, 5373, 3905, 5745, 2561, 2531, 7618, 5734, 99, 8888, 7402, 5626, 876, 7464, 4972, 5286, 4496].
Project[146]:
  Completed: True.  Experts: [2609, 4896, 4134, 78, 9461, 8385, 5810, 3810, 8585, 3882, 9103, 2311, 1113, 5741, 2921, 2972, 2956, 2085, 2077, 227, 6405, 4474, 4466, 3513, 9527, 7933, 4150, 4080, 2310, 2216, 1817, 1706, 1660, 705, 8820, 6929, 4000, 1457, 8195, 929, 4924, 2841, 2256, 5195, 1758, 8326, 4246, 3770, 2962, 1854, 8814, 7431].
Project[147]:
  Completed: True.  Experts: [3356, 666, 4683, 4057, 2906, 9520, 9429, 891, 9450, 6296, 5045, 2427, 1104, 7814, 6306, 5544, 1434, 6758, 3733, 1425, 5275, 1441, 438, 8035, 6893, 1939, 4977, 4180, 7077, 5686, 4949, 4063, 9484, 8529, 3211, 3036, 855, 7708, 7586, 6586, 7939, 9134, 3897, 805, 777, 3817, 5118, 1247, 638, 48].
Project[148]:
  Completed: True.  Experts: [4469, 577, 8018, 3545, 2817, 8354, 5289, 5971, 885, 9307, 7481, 400, 9241, 8992, 8147, 9472, 7569, 1849, 9348, 8988, 8859, 1384, 649, 991, 6165, 4746, 4170, 2039, 1924, 8808, 7262, 5680, 3075, 2503, 8580, 8337, 8314, 6829, 3621, 2360, 5063, 6529, 6087, 3401, 6232, 5218, 6101, 5080, 4398, 3459, 8966, 8564, 7710].
Project[149]:
  Completed: True.  Experts: [6678, 9189, 7208, 3930, 530, 9332, 6116, 4742, 8819, 5464, 3239, 1037, 6842, 3509, 1513, 625, 2652, 5715, 5304, 4364, 2076, 2636, 404, 7128, 6671, 510, 9183, 5563, 5314, 9054, 350, 8373, 6647, 4197, 8685, 1508, 1598, 5921, 4261, 515, 6816, 9511, 6659, 2353, 65, 7879, 7672, 6934, 327, 7750, 7673, 8757, 7130, 6892, 3700, 2258, 1196, 17, 7098, 6428, 5491, 3740, 3279, 1843, 7878].
Project[150]:
  Completed: True.  Experts: [824, 6352, 4555, 9452, 9270, 8161, 2366, 4635, 1674, 772, 5893, 3698, 2571, 5863, 539, 6672, 133, 50, 8967, 4386, 3376, 8319, 3291, 6641, 4768, 3124, 1763, 397, 8252, 6811, 7625, 5494, 5141, 4655, 3110, 1394, 6486, 5668, 1596, 3417, 1091, 6697, 5024, 3986, 3329, 7793, 4062, 1928, 5682, 3960, 3452, 2793, 759, 185, 6011, 5306, 4248, 5818, 3759, 1871, 9420, 4198, 454, 7526].
Project[151]:
  Completed: True.  Experts: [7288, 8925, 6064, 5346, 128, 7160, 5245, 6699, 4770, 3144, 1437, 1310, 7190, 3510, 7912, 3727, 7773, 8794, 5827, 4571, 86, 3463, 4071, 2965, 1682, 9509, 5754, 3081, 928, 7200, 1124, 628, 713, 358, 206, 7771, 5523, 8168, 1638, 8758, 5845, 4744, 3620, 7745, 6618, 3152, 1155, 8218, 7659, 3201, 3103, 7881, 4570, 3425, 5694, 4767, 8349, 9552, 9161, 1177, 8042, 6521, 5475, 8490, 7161, 8875, 1534, 158, 7476, 4353, 250, 7515, 7474, 4942, 3046].
Project[152]:
  Completed: True.  Experts: [695, 4395, 3394, 2292, 553, 1868, 1036, 6173, 8129, 4769, 3570, 3372, 3358, 1903, 495, 6433, 3497, 412, 200, 7885, 7669, 5781, 1878, 9218, 4943, 2765, 2606, 3308, 962, 842, 5625, 1482, 6297, 2905, 6342, 2194, 7919, 6646, 6339, 8440, 5160, 4100, 1850, 6367, 7033, 9157, 8309, 7166].
Project[153]:
  Completed: True.  Experts: [7194, 6770, 4764, 3137, 7958, 5689, 2011, 3643, 1261, 2840, 1218, 3836, 617, 9576, 6997, 1824, 1818, 7449, 5575, 34, 1788, 980, 6675, 2340, 8410, 4325, 2524, 1649, 1168, 588, 7484, 9091, 8955, 8494, 7357, 5162, 2959, 5347, 1409, 437, 7308, 5422, 5210, 1749, 8708, 6088, 3584, 6953, 4264, 6707, 5383, 1172, 7134, 1141, 852, 5784, 3644].
Project[154]:
  Completed: True.  Experts: [4358, 2915, 1199, 1045, 5708, 3696, 3646, 1368, 1259, 8793, 7993, 7645, 7266, 4074, 3664, 843, 328, 6286, 4232, 7866, 6371, 2358, 6958, 6677, 6292, 6097, 5957, 2861, 230, 8466, 7277, 7058, 5616, 3517, 8224, 7743, 7162, 5647, 4104, 3040, 2708, 2452, 1280, 8181, 6221].
Project[155]:
  Completed: True.  Experts: [2123, 1678, 472, 20, 9171, 6651, 6907, 2184, 231, 8306, 7657, 8560, 4713, 2087, 9328, 6188, 2484, 8969, 6772, 5003, 9346, 4563, 5767, 6528, 1902, 7823, 2013, 4840, 9064, 334, 165, 4372, 3029, 6078, 5710, 3026, 2328, 6855, 6263, 492, 178, 1652, 71, 8990, 4664, 282, 7121, 6277, 2592, 5642, 5223, 5129, 4577, 4209, 3807, 2593, 8991, 7689, 6915, 4749, 7640, 6522, 3504, 120, 3818, 1129, 338, 6417].
Project[156]:
  Completed: True.  Experts: [9068, 6807, 6579, 5338, 241, 8184, 5402, 9011, 7776, 6986, 487, 390, 375, 7610, 382, 7488, 6658, 4871, 3895, 3224, 5932, 6364, 4182, 345, 8125, 6566, 2143, 5017, 6183, 2653, 2543, 8047, 1940, 1823, 7422, 3641, 1079, 7503, 6351, 1080, 9371, 9080, 4880, 2740, 7850, 8666, 7042].
Project[158]:
  Completed: True.  Experts: [6788, 5459, 4860, 3095, 332, 9297, 8312, 7723, 7924, 9279, 8908, 6291, 4239, 2451, 1392, 2163, 5753, 416, 9400, 1775, 396, 936, 7065, 5648, 690, 5270, 4461, 4318, 4050, 3266, 3200, 2621, 546, 523, 292, 5758, 2819, 6921, 2788, 6284, 5038, 1342, 5301, 3901].
Project[159]:
  Completed: True.  Experts: [4205, 575, 6914, 4873, 2666, 8637, 3435, 8496, 6507, 6231, 4512, 3855, 2792, 1122, 2467, 3080, 2289, 8082, 5985, 5711, 1998, 7846, 6838, 6021, 1933, 8928, 7729, 443, 260, 7951, 9347, 5880, 3321, 4471, 3186, 6802, 5409, 4213, 3796, 708, 8706, 8303, 2734, 1056, 2168, 8660, 2202, 7373, 6727, 6549, 5166, 2173, 9102, 7865, 7541, 9467, 9129, 8958, 5851, 5456, 4611, 3113, 1787].
Project[160]:
  Completed: True.  Experts: [8815, 6798, 4814, 236, 555, 7025, 5993, 6033, 4969, 4250, 3229, 3125, 2335, 672, 430, 3204, 631, 2343, 5663, 7600, 6879, 2237, 1681, 1060, 7863, 7807, 5203, 5074, 7224, 1664, 1286, 8883, 7664, 4858, 4042, 5733, 3076, 9052, 4044, 4024, 1497, 836, 5084, 3963, 4047].
Project[161]:
  Completed: True.  Experts: [7213, 5397, 461, 9240, 7973, 7614, 5692, 8803, 8712, 6363, 912, 1547, 7739, 7531, 6149, 4811, 9185, 5743, 3131, 8971, 7107, 5930, 3507, 3086, 2639, 2293, 7824, 3327, 833, 7964, 4634, 6918, 4151, 3426, 2964, 1300, 4750, 1371, 8481, 8391, 6330, 903, 858, 1632, 5578, 3505, 767].
Project[162]:
  Completed: True.  Experts: [6237, 4443, 3924, 9571, 3856, 1555, 9057, 2826, 9014, 9025, 8316, 2985, 3726, 9274, 8387, 7496, 9032, 7884, 7387, 9588, 7394, 4118, 6778, 1512, 1064, 1815, 7728, 7725, 4966, 7943, 7766, 4580, 1533, 1578, 6744, 6048, 5779, 9037, 7820, 7524, 3013, 1382, 5829, 4019, 88, 900, 5149, 1828, 8028].
Project[163]:
  Completed: True.  Experts: [1885, 381, 6735, 2104, 1908, 1637, 2803, 2437, 3194, 3012, 1401, 567, 2650, 938, 3769, 9595, 6691, 4235, 1994, 4626, 1031, 431, 2813, 7563, 4432, 5147, 4730, 9083, 4360, 2622, 4789, 3381, 3368, 2674, 2458, 1456, 1238, 488, 1755, 1646, 7622, 7090, 6185, 347, 2187, 7646, 6560, 6470, 4774, 2230, 8797, 6478, 2574].
Project[164]:
  Completed: True.  Experts: [6358, 2836, 1496, 9031, 4317, 8817, 7271, 7234, 7129, 8063, 987, 5595, 4827, 3311, 2500, 2279, 890, 56, 3130, 594, 3980, 1341, 6452, 5898, 5889, 5586, 5093, 3595, 2048, 687, 7092, 6809, 6732, 5264, 5156, 6379, 209, 8620, 8438, 6126, 1874, 8238, 5137, 549, 5736, 4299, 2953, 7269, 6847, 5391, 4815, 2442, 7613, 4196, 3551, 2352, 4878, 4574, 2299, 5239].
Project[165]:
  Completed: True.  Experts: [5193, 219, 1800, 8835, 8581, 8558, 132, 8497, 3837, 6420, 5636, 7363, 5770, 4593, 2117, 1675, 7910, 7471, 3441, 1657, 6008, 5858, 9058, 7282, 5712, 8156, 2879, 2816, 932, 4440, 4241, 4009, 2955, 2909, 9495, 2689, 7876, 8522, 3489, 1945, 677, 8771, 6271, 25, 9222, 8964, 9333, 8921, 7222, 7192, 5969, 2721, 2600, 674, 8059, 7459, 2210, 5597, 5044, 286, 5723, 4727, 4689, 2913, 2259, 8369, 7901, 6723, 6254, 5853, 4688].
Project[166]:
  Completed: True.  Experts: [7074, 7580, 6323, 857, 518, 7927, 6554, 3236, 1927, 9342, 3120, 2631, 85, 8547, 7655, 4172, 1291, 9158, 9385, 8330, 2823, 3054, 2633, 9021, 5363, 3024, 2305, 1501, 8258, 7972, 7853, 6955, 263, 3878, 6805, 6726, 4684, 4269, 2547, 7937, 7757, 1312, 5833, 5638, 2685, 8541].
Project[167]:
  Completed: True.  Experts: [9074, 8518, 2049, 447, 5461, 4494, 8649, 8284, 961, 5013, 4025, 1620, 9329, 494, 9175, 975, 9181, 6835, 8343, 3721, 1683, 7500, 7024, 5926, 5146, 1517, 1505, 8460, 6683, 9235, 7700, 2781, 2245, 68, 27, 5508, 8453, 8320, 7893, 5601, 3962, 9558, 8601, 7857, 4822, 1173, 5864, 4829, 3609, 6236, 1671, 581, 222, 9164, 8652, 5881, 9289, 7959, 5669, 7979, 6572, 5720, 342, 6406, 4666, 3506, 3429, 8599, 5198, 7072, 7660, 4041].
Project[168]:
  Completed: True.  Experts: [7274, 7071, 4060, 9035, 6970, 4662, 3562, 1865, 2101, 5661, 3298, 2043, 9049, 7873, 955, 6910, 2433, 9546, 9247, 3891, 2134, 9246, 6203, 5418, 6876, 750, 7461, 3758, 485, 6187, 9273, 4413, 216, 3593, 3484, 8214, 7109, 3170, 3115, 2498, 6782, 2435, 1433, 7603, 4013].
Project[169]:
  Completed: True.  Experts: [7405, 4297, 3365, 3238, 3020, 2594, 2147, 1308, 775, 114, 8576, 8071, 5357, 5157, 3261, 5512, 7164, 6705, 6362, 3790, 8943, 4462, 8890, 6422, 5426, 8519, 2413, 4035, 8040, 7868, 4707, 7173, 4872, 2332, 9508, 5169, 4335, 1323, 8920, 6853, 3396, 3104, 2726, 2021, 8918, 8277, 4670, 4403, 559, 6077, 4369, 3773, 9002, 4421, 9343, 9109, 6868].
Project[170]:
  Completed: True.  Experts: [3216, 2033, 5675, 9517, 6800, 4745, 9424, 6746, 6310, 5447, 44, 8351, 1253, 7948, 5262, 2177, 9135, 7323, 4826, 8812, 6459, 5480, 7900, 1619, 3168, 1109, 2139, 6085, 870, 825, 6295, 4542, 2950, 8732, 6580, 2357, 4619, 3688, 2917, 6454, 7874, 1220, 930, 9476, 8566, 5681].
Project[171]:
  Completed: True.  Experts: [5150, 3999, 9494, 2982, 1577, 9053, 1010, 9389, 6839, 4953, 3439, 1258, 2934, 2911, 1969, 8956, 5310, 4430, 3065, 274, 8423, 5055, 5011, 5394, 4692, 3083, 1181, 7365, 1167, 9062, 7068, 6784, 5933, 3785, 2097, 153, 6920, 1705, 1450, 1015, 6007, 1631, 8196, 5755, 225, 9353, 3008, 1442, 8728, 4628].
Project[172]:
  Completed: True.  Experts: [5281, 3167, 3403, 2735, 1077, 3032, 8194, 5213, 3607, 3654, 2001, 1019, 6129, 5175, 3997, 3405, 1715, 458, 5593, 3884, 2260, 2081, 1693, 1239, 5229, 2114, 8889, 5718, 1809, 8763, 7593, 7113, 6224, 7339, 8546, 8455, 7762, 7527, 6946, 2443, 615, 5987, 266, 6436, 2487, 770].
Project[173]:
  Completed: True.  Experts: [4336, 724, 3037, 2444, 2243, 6960, 1735, 1379, 5854, 1864, 325, 77, 3414, 1098, 9357, 5772, 4709, 4732, 8905, 8694, 7925, 7367, 4270, 5204, 4365, 3958, 8162, 7890, 6660, 5181, 9096, 6293, 5442, 4712, 5546, 6564, 6058, 3057, 7564, 7550, 7221, 5236, 1096, 1048, 8106, 6598, 3585, 2211, 2120, 3003, 1841, 1691, 7418, 7325, 5083, 1241, 8590, 211, 5322, 5256, 3064, 1920, 1917, 1790, 1065].
Project[174]:
  Completed: True.  Experts: [748, 1075, 9311, 9015, 8600, 6509, 6103, 4519, 4143, 4020, 2549, 38, 3479, 2056, 5660, 4225, 8361, 7409, 6335, 6283, 4788, 809, 359, 4986, 2376, 4106, 3326, 453, 6728, 4837, 3965, 2644, 501, 139, 2829, 1997, 758, 2010, 1106, 4054, 5515, 4380, 3631, 1081, 8182, 7369, 6695, 6241, 3699, 8264, 7513, 6686, 6304, 5518, 3622, 2190, 1257, 3078, 7120].
Project[175]:
  Completed: True.  Experts: [4438, 2112, 7368, 6387, 1844, 6108, 5106, 4772, 5378, 388, 639, 6751, 5706, 565, 436, 8334, 9551, 9126, 9094, 8232, 6624, 5999, 5824, 306, 7267, 112, 7944, 7076, 6943, 3245, 9177, 8879, 6740, 7624, 4083, 417, 287, 7229, 3474, 7761, 6980, 5316, 3313, 1721, 3580, 2070, 9566, 7544, 4373, 4476].
Project[176]:
  Completed: True.  Experts: [5598, 5492, 4522, 3800, 2988, 8724, 8016, 3801, 1925, 2771, 9439, 7837, 4489, 4382, 1307, 3679, 1569, 7626, 4564, 2834, 1289, 9193, 6523, 5345, 2598, 4511, 3259, 2350, 9412, 8081, 7804, 6102, 3813, 3526, 2839, 1895, 1255, 7792, 5244, 4941, 1213, 8674, 3519, 2284, 49, 3556, 1182, 2947, 1996, 871, 9460, 9376].
Project[177]:
  Completed: True.  Experts: [5117, 5010, 4569, 505, 5589, 5530, 3749, 6757, 1968, 1852, 7003, 4176, 8141, 7705, 7356, 5855, 2712, 51, 6181, 3922, 8762, 6689, 3477, 203, 9350, 486, 2436, 1557, 7724, 4828, 1803, 4290, 4082, 8938, 2217, 5318, 3692, 7971, 5205, 3228, 2767, 971, 8977, 5976, 2157, 5948, 8575, 6583, 3865, 3567, 8930, 7738, 972, 8598, 5220, 4886, 363, 9323].
Project[178]:
  Completed: True.  Experts: [5320, 3138, 9432, 8433, 8235, 3909, 7096, 9482, 6168, 8618, 7441, 5974, 3550, 3418, 6083, 6009, 3367, 1351, 8692, 4133, 8785, 8532, 3870, 2704, 2559, 4377, 1956, 1545, 7869, 7407, 2053, 1174, 106, 4722, 4164].
Project[179]:
  Completed: True.  Experts: [7559, 5303, 1051, 561, 3379, 6768, 4515, 5585, 7278, 1511, 7945, 6156, 771, 6239, 5186, 4545, 3444, 8651, 1426, 6617, 6431, 4932, 4572, 1424, 26, 8539, 4585, 7508, 7299, 5477, 6803, 6190, 8934, 2504, 8838, 8425, 7473, 5995, 5652, 735, 5872, 167, 8944, 8388, 7682, 826, 8630, 7888, 5519, 4280, 2394, 1490, 1040, 182].
Project[180]:
  Completed: True.  Experts: [2072, 8844, 6332, 6057, 3521, 1702, 6300, 4988, 70, 9363, 5469, 9206, 706, 1377, 3340, 378, 6738, 6426, 3920, 3404, 2847, 12, 7067, 5496, 3473, 1358, 2502, 9589, 5427, 1473, 8841, 4944, 4739, 2806, 7, 7786, 802, 399, 1587, 7380, 6128, 6075, 8914, 2150, 1612, 4112, 524, 9565, 2399, 4605, 4105, 3084, 2019, 6438, 5258].
Project[181]:
  Completed: True.  Experts: [533, 7411, 5190, 4753, 2119, 1272, 1050, 237, 9128, 1376, 989, 3382, 3260, 517, 7460, 7021, 6441, 2597, 7732, 7652, 6927, 1262, 6745, 5037, 5120, 2670, 35, 7122, 6465, 1115, 699, 181, 5859, 2805, 2761, 7215, 6089, 4624, 927, 6790, 6531, 9498, 7317, 5532, 5479, 4930, 4843, 4654, 536, 6488, 7935, 6301, 6027, 155, 7408, 6025, 8962, 6941, 3802, 9272, 7327, 5673, 5268, 5265].
Project[182]:
  Completed: True.  Experts: [5159, 1826, 1546, 684, 2329, 3894, 1669, 5056, 1160, 9112, 6216, 7442, 6484, 5355, 5079, 2930, 5371, 4710, 9203, 387, 8950, 8187, 2914, 8041, 6004, 1655, 8611, 2838, 1986, 8293, 4416, 1057, 714, 520, 9237, 810, 4505, 3822, 7594, 8363, 7898, 9168, 8001, 2926, 1647, 7931, 7331, 7091].
Project[183]:
  Completed: True.  Experts: [2457, 2268, 1918, 1872, 1767, 1410, 7362, 7233, 1201, 3101, 2232, 4251, 3768, 647, 7205, 3454, 2719, 4338, 6151, 4479, 3093, 1762, 9318, 6055, 2687, 1831, 1089, 7616, 7648, 5039, 3829, 243, 2186, 8623, 8038, 4321, 6240, 5814, 4388, 3568, 5094, 1445, 9408, 9403, 2973, 2562, 3195, 3380, 367, 5982, 2038, 9022, 4092].
Project[184]:
  Completed: True.  Experts: [6160, 3952, 3864, 6356, 668, 478, 3957, 8748, 8513, 3027, 2690, 1992, 3874, 1367, 1232, 8386, 6361, 892, 9421, 3373, 197, 7908, 6791, 3278, 9587, 9445, 4812, 4307, 3559, 2445, 8241, 3122, 4547, 7573, 8366, 5862, 8892, 8246, 3351, 2802, 1752, 7212, 6107, 5698, 5452, 5251, 614, 8679, 6222, 5154, 2669, 9140, 6483, 8741, 5746, 5621, 5271, 7326, 7305, 4751, 6713, 149, 7599, 1732, 8809, 7534, 3354, 3009, 9225, 5428, 9399, 9506, 4477, 8136, 7950, 7306, 6400, 5951, 4990].
Project[185]:
  Completed: True.  Experts: [4040, 1345, 2940, 9317, 3868, 43, 2264, 2040, 183, 6766, 4794, 795, 8534, 3338, 2992, 6862, 4640, 3360, 2440, 1525, 5941, 5550, 8484, 5329, 2595, 799, 7141, 2121, 1502, 5323, 3944, 593, 4844, 6532, 5724, 3386, 2453, 8154, 7143, 5291, 3269, 1494, 2766, 7821, 4409, 3599, 9099, 4354, 3956, 2015, 1073, 5885, 4582, 3539, 1694, 7048, 2858, 1046, 3220, 2691, 919, 5446, 3419, 135, 4077, 249, 7329].
Project[186]:
  Completed: True.  Experts: [2239, 9160, 2178, 9563, 7587, 7012, 6951, 9255, 1707, 264, 109, 7760, 6182, 5071, 4647, 3937, 2849, 1873, 794, 6338, 5336, 3979, 2989, 964, 4419, 3155, 5615, 3881, 6769, 5057, 84, 4454, 3782, 3362, 8286, 6036, 4559, 2565, 1288, 4697, 3438, 2315, 2280, 9179, 8359, 6889, 4862, 4220, 2493, 168, 7497, 2656, 8582, 7554, 5372, 4997, 2059, 8037, 7304, 6908, 3330, 40, 2994, 1750, 8784, 7364, 4918, 4352, 2140, 2577, 8412, 6982, 2575].
Project[187]:
  Completed: True.  Experts: [4362, 7375, 5868, 5709, 8341, 7970, 5096, 2856, 1907, 8770, 6906, 6733, 2462, 8321, 7153, 5542, 5014, 753, 8638, 7606, 5415, 244, 5568, 2159, 1627, 5187, 8201, 8046, 7250, 4504, 9534, 5526, 4136, 4592, 2248, 6973, 1728, 1217, 9194, 5650, 1951, 1590, 8699, 9440, 6645, 5946, 3993, 1798, 1126, 5572, 5483, 4954, 2464, 8863, 8279, 7395, 7237, 6717, 4934, 4614].
Project[189]:
  Completed: True.  Experts: [4103, 3123, 4347, 4244, 2901, 1597, 7825, 6390, 5065, 2132, 9315, 3072, 2833, 2375, 1027, 5637, 4110, 3005, 1, 9559, 9066, 4928, 693, 6556, 7540, 3792, 7165, 5978, 3499, 9205, 5791, 5517, 4904, 7841, 4757, 4174, 656, 6725, 3935, 2855, 4702, 4607, 9124, 4785, 3716, 568, 273, 1606].
Project[190]:
  Completed: True.  Experts: [8556, 8538, 7891, 3443, 792, 3254, 1880, 5350, 4831, 9287, 6096, 5189, 3917, 671, 9150, 3398, 8919, 6863, 6857, 4754, 2084, 7994, 2465, 2116, 444, 246, 8854, 6028, 5401, 5272, 5068, 8963, 4448, 4256, 3028, 9583, 544, 407, 8826, 4431, 752, 7707, 3508, 413, 7799, 8743, 7311, 9395, 2554, 657, 8998, 7796, 3174, 9522, 8313, 3230, 948, 691, 8947, 8328, 7210, 6413, 8234, 6054, 4055, 4657, 6443, 2724].
Project[191]:
  Completed: True.  Experts: [1857, 1413, 8508, 8043, 2052, 7661, 1014, 4721, 6794, 5052, 6137, 3022, 2108, 3525, 455, 2939, 1163, 2990, 1150, 3713, 592, 2667, 9312, 8307, 8030, 8641, 6500, 7026, 6931, 4773, 1567, 571, 8876, 5927, 5448, 2922, 1786, 572, 411, 3399, 3114, 180, 2303, 8493, 4970, 9044, 7871, 6250, 9581, 3582, 2588, 7231, 2131, 1734].
Project[192]:
  Completed: True.  Experts: [8069, 8006, 6821, 4094, 2338, 1417, 715, 9119, 442, 6502, 223, 5489, 9361, 9153, 7632, 9561, 5040, 9316, 8255, 2214, 4665, 7896, 232, 2579, 1087, 9098, 9050, 8301, 2539, 2333, 6714, 4848, 4825, 3346, 1209, 682, 3015, 2732, 9061, 5785, 7344, 8400, 5164, 2225, 8786, 8983, 5119, 6602, 3866, 3188, 5123, 7675, 6884, 6524, 7378, 6903, 5240, 4819, 4117].
Project[193]:
  Completed: True.  Experts: [8810, 8199, 7425, 7264, 6753, 5339, 3039, 7744, 2152, 146, 2919, 6052, 5869, 2421, 2218, 2773, 7353, 4989, 1717, 8632, 7704, 8298, 646, 8602, 7453, 7521, 3528, 2172, 4779, 2807, 1206, 2900, 4589, 3285, 409, 7805, 6875, 9293, 8622, 6557, 6247, 6127, 1054, 554, 116, 1593, 256, 3176, 2351].
Project[194]:
  Completed: True.  Experts: [8132, 6592, 5125, 2005, 1861, 1493, 1033, 648, 7099, 8891, 6527, 5027, 1267, 6396, 2090, 2439, 1531, 6826, 6477, 5844, 4370, 3659, 2208, 1677, 1601, 7002, 8696, 1589, 7934, 7008, 6962, 2367, 7803, 6255, 6100, 6000, 2354, 7035, 9212, 5783, 9381, 5400, 5196, 2542, 1745, 7218, 2476].
Project[195]:
  Completed: True.  Experts: [3016, 364, 6343, 173, 8506, 3612, 3953, 566, 4517, 3091, 2707, 7681, 6350, 2505, 5481, 5051, 1929, 7186, 5808, 4138, 2515, 3233, 1269, 3541, 4804, 3976, 2975, 1921, 8668, 5325, 2954, 8829, 5016, 7512, 5124, 2881, 2585, 177, 6508, 6023, 5086, 2655, 7838, 4548, 2412, 8667, 8722, 6419, 4893, 1296, 9397, 8909, 8378, 6047, 8140, 7608, 7525, 5904, 5352, 4331, 4508, 1185].
Project[196]:
  Completed: True.  Experts: [4724, 2710, 8115, 7639, 6698, 5387, 3854, 2425, 2154, 7742, 6935, 4490, 418, 7420, 7216, 7577, 5731, 7320, 6898, 4002, 9468, 8677, 6871, 7615, 7548, 2537, 6546, 3375, 319, 6238, 5811, 4867, 3554, 7468, 3695, 2242, 2141, 1562, 4693, 4341, 9265, 8783, 8700, 8009, 4838, 4234, 1532, 1465, 818, 786, 9079, 8931].
Project[197]:
  Completed: True.  Experts: [4890, 4590, 2601, 2146, 933, 58, 4078, 7734, 2414, 5354, 5312, 4326, 3863, 2174, 525, 2688, 3610, 2596, 721, 4596, 3310, 3307, 4217, 8427, 1320, 1720, 734, 4889, 1609, 3686, 8535, 8128, 7680, 2859, 2706, 7779, 2820, 1910, 7946, 5670, 8568, 4435, 52, 5082, 3681, 8476, 5551, 6487, 2424, 9584, 6117, 3447, 8689, 3431, 9523, 9503, 5634, 163, 6545, 9232, 1696, 856, 8714].
Project[198]:
  Completed: True.  Experts: [5509, 4714, 1381, 7907, 5665, 4189, 3989, 5876, 4130, 886, 2416, 7636, 7230, 2946, 984, 8505, 4332, 4694, 3959, 8562, 1471, 9352, 4725, 8561, 8268, 7303, 4947, 2754, 7954, 4658, 1145, 7283, 2980, 2782, 637, 2977, 8471, 7089, 9296, 6353, 1378, 6034, 6830, 6167, 2678, 8396, 7401, 6519, 2130, 5909, 5603, 9176, 8464, 797, 881, 7549, 4334, 2422].
Project[199]:
  Completed: True.  Experts: [59, 8394, 2616, 7591, 3450, 8075, 5874, 8461, 4183, 4175, 3910, 996, 5557, 1644, 9120, 8968, 6091, 4107, 4472, 5804, 2649, 6813, 6308, 4281, 2045, 8107, 5046, 4868, 3146, 9097, 4821, 4339, 1658, 4851, 4798, 4463, 4158, 5884, 5050, 4922, 3968, 6449, 2797, 221, 1153, 9569].
